# egcm_data.R
# Copyright (C) 2014 by Matthew Clegg

# Data sets used for calibrating the Engle Granger cointegration tests

#  This program is free software; you can redistribute it and/or modify
#  it under the terms of the GNU General Public License as published by
#  the Free Software Foundation; either version 2 of the License, or
#  (at your option) any later version.
#
#  This program is distributed in the hope that it will be useful,
#  but WITHOUT ANY WARRANTY; without even the implied warranty of
#  MERCHANTABILITY or FITNESS FOR A PARTICULAR PURPOSE.  See the
#  GNU General Public License for more details.
#
#  A copy of the GNU General Public License is available at
#  http://www.r-project.org/Licenses/

# The following table was generated using the call
#   egc_adf_qtab <- egc_quantile_table("adf")
egc_adf_qtab <- structure(list(quantile = c(NA, 1e-04, 0.01, 0.025, 0.05, 0.1, 
0.2, 0.5, 0.8, 0.9, 0.95, 0.975, 0.99, 0.999, 0.9999), `25` = c(25, 
-5.80600065964837, -3.96967149868031, -3.57824796147135, -3.25972771321035, 
-2.91769544207541, -2.53653941727733, -1.87885900097153, -1.23635907388638, 
-0.848888902162473, -0.497965156016583, -0.226150888703246, 0.0919944227492717, 
0.715514345109964, 1.13746830802583), `50` = c(50, -5.24240810499968, 
-3.88436984764926, -3.51841394814949, -3.22772975052556, -2.93249574413191, 
-2.57511899641644, -1.93534867641615, -1.29792146450943, -0.897388203762267, 
-0.546047631311591, -0.247930007718635, 0.0923702276922401, 0.789911712445357, 
1.1349646405655), `100` = c(100, -5.18614553477463, -3.82028178996715, 
-3.50744267955286, -3.24705549993499, -2.94175070261879, -2.59348547506723, 
-1.95834721747418, -1.32553379739761, -0.93443865659125, -0.566504307577409, 
-0.242061094013615, 0.111373176009, 0.867741882893275, 1.59691079410486
), `250` = c(250, -5.05252931421373, -3.84060323769614, -3.52272563987771, 
-3.27285179097311, -2.98843125307626, -2.63978528664028, -1.99656573545568, 
-1.34914752339741, -0.955671079430595, -0.59536217425783, -0.252621338347237, 
0.0899987781539045, 0.969480195222591, 1.67437762726293), `500` = c(500, 
-4.85128032044083, -3.85833025117506, -3.55728995027321, -3.30071683971755, 
-3.01071194742856, -2.6609928745281, -2.02202638716769, -1.37661045477456, 
-0.98234250690942, -0.619068716843792, -0.27371347078372, 0.13315155687368, 
0.865369556696318, 1.52205842706039), `750` = c(750, -4.83835340698721, 
-3.83881344355717, -3.54242745598571, -3.29704259642577, -3.01323322264831, 
-2.66483797384133, -2.02994011861584, -1.37999100147531, -0.999328031721282, 
-0.621031412365913, -0.292480170395573, 0.0800960217442984, 0.897234407421888, 
1.50745527599032), `1000` = c(1000, -4.97941096009447, -3.85485811203703, 
-3.5541966311385, -3.30433478199755, -3.01909801272636, -2.6777972051341, 
-2.03200019463226, -1.38431436486989, -0.996001675456806, -0.634806184644324, 
-0.300563520344664, 0.0969685582020578, 0.970683881879207, 1.48835101741877
), `1250` = c(1250, -5.0796703725486, -3.87636404563864, -3.5691833688799, 
-3.31236204044198, -3.01659802560495, -2.67464862923784, -2.0338504140494, 
-1.38393075567463, -0.992858354334467, -0.612689283453555, -0.277705535093365, 
0.12234390933653, 0.835475797246308, 1.51161252736622), `2500` = c(2500, 
-4.93123154657244, -3.87361135465214, -3.57724739925402, -3.31986317733849, 
-3.0239955384488, -2.68391352548266, -2.04130703323206, -1.38983251418602, 
-1.00504861561616, -0.628990737143362, -0.303520699416405, 0.104495525816474, 
0.929299065343716, 1.59447329546194)), .Names = c("quantile", 
"25", "50", "100", "250", "500", "750", "1000", "1250", "2500"
), row.names = c("", "0.01%", "1%", "2.5%", "5%", "10%", "20%", 
"50%", "80%", "90%", "95%", "97.5%", "99%", "99.9%", "99.99%"
), class = "data.frame")

# The following table was generated using the call
#  egc_pp_qtab <- egc_quantile_table("pp")
egc_pp_qtab <- structure(list(quantile = c(NA, 1e-04, 0.01, 0.025, 0.05, 0.1, 
0.2, 0.5, 0.8, 0.9, 0.95, 0.975, 0.99, 0.999, 0.9999), `25` = c(25, 
-29.7565417246292, -20.3971994666692, -18.146559481418, -16.3011085149503, 
-14.2391155820147, -11.8150963786742, -7.5899592780893, -4.15096635903013, 
-2.60094473871757, -1.43339001874047, -0.467039141445771, 0.570199459331984, 
2.57940275214657, 4.84025830039889), `50` = c(50, -37.2231274542497, 
-24.4557731741679, -21.3929138388286, -18.8614871870361, -16.1389752507269, 
-13.0795192863213, -8.04644566917229, -4.29658782369691, -2.68013964887425, 
-1.48502292300255, -0.584507066376888, 0.37615470388534, 2.40978417480265, 
4.3200178128311), `100` = c(100, -43.426742478486, -27.5974048358845, 
-23.6031859946393, -20.4580160947768, -17.1986747077983, -13.6429760820469, 
-8.12217622614848, -4.22777954156694, -2.66476562368888, -1.54545744092887, 
-0.636175690120419, 0.261961612457279, 2.12993106273921, 3.56562198394928
), `250` = c(250, -47.0690681964392, -29.0960896400917, -24.4928331552785, 
-21.1394469521393, -17.5358643357831, -13.7600996041061, -8.14408729814865, 
-4.25496422851803, -2.68238752031604, -1.49700685184211, -0.618656815748225, 
0.289530850749153, 1.96587622968128, 3.16868565102177), `500` = c(500, 
-51.205031814866, -28.6470594302683, -24.4050407990774, -21.002428033627, 
-17.4392919303947, -13.6870811851613, -8.05915371009938, -4.1573647915354, 
-2.59945753801057, -1.49248336310081, -0.686908685958931, 0.158466529052688, 
1.91231921279196, 3.44605376774065), `750` = c(750, -50.5572979664773, 
-29.0262823972601, -24.6390828311317, -21.0567367643718, -17.4234244154485, 
-13.559135320141, -8.00806944056452, -4.14335083605078, -2.62965842402231, 
-1.52762518846525, -0.692309593470999, 0.164594069455772, 1.84175773730567, 
3.26339389208958), `1000` = c(1000, -51.0721393168863, -28.9701152727192, 
-24.499116452129, -20.9693265964951, -17.3041276025917, -13.5313579759124, 
-7.98874954375296, -4.16108848474232, -2.63667336022509, -1.57321498718066, 
-0.727235377853383, 0.149961637320794, 1.82950678217979, 3.58839310935961
), `1250` = c(1250, -47.0274336884959, -28.6533901782375, -24.0324308135337, 
-20.7516904573044, -17.2676130652863, -13.5632485477366, -8.02973231588857, 
-4.16297729023449, -2.65204125672226, -1.54778453385605, -0.656865646170381, 
0.224883510382165, 1.98145276951501, 3.13000464851758), `2500` = c(2500, 
-47.7056243655114, -28.2578110834848, -23.9980052350113, -20.6534631941346, 
-17.2047997356392, -13.5207335338673, -7.957478348813, -4.14981750150314, 
-2.58643765337459, -1.5149841942779, -0.661445201665475, 0.207478441219318, 
1.73413672925087, 2.96418512944668)), .Names = c("quantile", 
"25", "50", "100", "250", "500", "750", "1000", "1250", "2500"
), row.names = c("", "0.01%", "1%", "2.5%", "5%", "10%", "20%", 
"50%", "80%", "90%", "95%", "97.5%", "99%", "99.9%", "99.99%"
), class = "data.frame")

# The following table was generated using the call
#  egc_pgff_qtab <- egc_quantile_table("pgff")
